
============================================================================================================================================
MEASUREMENT TABLES - Without MSC Column
============================================================================================================================================

============================================================================================================================================
Table 1: 200mV Measurements
============================================================================================================================================
  Freq(Hz)       V           I          P(V*I)        V^2          I^2       % Error to analytical    Est % spread    Est SNR dB  
--------------------------------------------------------------------------------------------------------------------------------------------
     50         NaN         NaN          NaN          NaN          NaN                NaN                 NaN            NaN      
    150        0.2036      0.0028     5.7555e-04     0.0415     7.9895e-06           2.6569              0.6358        43.9333    
    250        0.2013      0.0047     9.4747e-04     0.0405     2.2163e-05           1.5343              0.4435        47.0618    
    350        0.2000      0.0066       0.0013       0.0400     4.3352e-05           1.0165              0.3375        49.4340    
    450        0.1993      0.0084       0.0017       0.0397     7.1400e-05           0.8215              0.3055        50.2987    
    550        0.1989      0.0103       0.0021       0.0395     1.0639e-04           0.7372              0.2709        51.3423    
    650        0.1982      0.0122       0.0024       0.0393     1.4780e-04           0.6961              0.2687        51.4140    
    750        0.1981      0.0140       0.0028       0.0392     1.9650e-04           0.6794              0.2406        52.3733    
    850        0.1981      0.0159       0.0031       0.0393     2.5262e-04           0.6568              0.2431        52.2847    
    950        0.1984      0.0178       0.0035       0.0394     3.1611e-04           0.6977              0.2536        51.9164    
    1050       0.1987      0.0197       0.0039       0.0395     3.8731e-04           0.7019              0.2520        51.9735    
    1150       0.1989      0.0216       0.0043       0.0395     4.6601e-04           0.6419              0.2429        52.2912    
    1250       0.1991      0.0235       0.0047       0.0396     5.5184e-04           0.6273              0.2384        52.4531    
    1350       0.1992      0.0254       0.0051       0.0397     6.4467e-04           0.6229              0.2333        52.6432    
    1450       0.1992      0.0273       0.0054       0.0397     7.4366e-04           0.6001              0.2402        52.3873    
    1550       0.1989      0.0291       0.0058       0.0396     8.4851e-04           0.5410              0.2229        53.0394    
    1650       0.1988      0.0310       0.0062       0.0395     9.6009e-04           0.5550              0.2235        53.0145    
    1750       0.1985      0.0328       0.0065       0.0394       0.0011             0.5309              0.2262        52.9111    
    1850       0.1982      0.0347       0.0069       0.0393       0.0012             0.4578              0.2417        52.3338    
    1950       0.1981      0.0365       0.0072       0.0392       0.0013             0.4639              0.2320        52.6909    
    2050       0.1979      0.0384       0.0076       0.0392       0.0015             0.4482              0.1985        54.0432    
    2150       0.1983      0.0403       0.0080       0.0393       0.0016             0.4529              0.2185        53.2112    
    2250       0.1990      0.0424       0.0084       0.0396       0.0018             0.4289              0.2219        53.0774    
    2350       0.1993      0.0444       0.0088       0.0397       0.0020             0.3171              0.2051        53.7589    
    2450       0.1995      0.0463       0.0092       0.0398       0.0021             0.2206              0.1948        54.2061    
    2550       0.2007      0.0485       0.0097       0.0403       0.0024             0.2075              0.1968        54.1208    
    2650       0.2031      0.0510       0.0104       0.0412       0.0026             0.1770              0.2012        53.9256    
    2750       0.2053      0.0535       0.0110       0.0421       0.0029             0.2470              0.1986        54.0412    
    2850       0.2078      0.0559       0.0116       0.0432       0.0031             0.7282              0.1998        53.9902    
    2950       0.2200      0.0604       0.0133       0.0484       0.0036             2.0851              0.1710        55.3397    
    3050        NaN         NaN          NaN          NaN          NaN                NaN                 NaN            NaN      
============================================================================================================================================


============================================================================================================================================
Table 2: 20mA Measurements
============================================================================================================================================
  Freq(Hz)       V           I          P(V*I)        V^2          I^2       % Error to analytical    Est % spread    Est SNR dB  
--------------------------------------------------------------------------------------------------------------------------------------------
     50        4.2614      0.0201       0.0855      18.1592     4.0254e-04           0.8894              0.3260        49.7348    
    150        1.1432      0.0161       0.0184       1.3069     2.5818e-04           1.3874              0.6113        44.2749    
    250        0.8514      0.0201       0.0171       0.7248     4.0268e-04           0.7651              0.2432        52.2813    
    350        0.6092      0.0201       0.0122       0.3711     4.0310e-04           0.8847              0.2924        50.6790    
    450        0.4742      0.0201       0.0095       0.2248     4.0367e-04           0.8935              0.3384        49.4118    
    550        0.3880      0.0201       0.0078       0.1506     4.0467e-04           0.7900              0.2919        50.6955    
    650        0.3283      0.0201       0.0066       0.1077     4.0466e-04           0.7648              0.2404        52.3821    
    750        0.2848      0.0201       0.0057       0.0811     4.0580e-04           0.7503              0.3026        50.3832    
    850        0.2519      0.0202       0.0051       0.0635     4.0794e-04           0.7256              0.3430        49.2940    
    950        0.2259      0.0203       0.0046       0.0510     4.1014e-04           0.6610              0.3826        48.3443    
    1050       0.2051      0.0203       0.0042       0.0421     4.1281e-04           0.7078              0.3082        50.2247    
    1150       0.1879      0.0204       0.0038       0.0353     4.1556e-04           0.7209              0.3138        50.0658    
    1250       0.1735      0.0205       0.0036       0.0301     4.1886e-04           0.6622              0.4103        47.7372    
    1350       0.1612      0.0205       0.0033       0.0260     4.2161e-04           0.7004              0.4017        47.9219    
    1450       0.1505      0.0206       0.0031       0.0226     4.2423e-04           0.6391              0.3509        49.0960    
    1550       0.1414      0.0207       0.0029       0.0200     4.2807e-04           0.6296              0.3482        49.1628    
    1650       0.1333      0.0208       0.0028       0.0178     4.3115e-04           0.6374              0.4042        47.8675    
    1750       0.1261      0.0209       0.0026       0.0159     4.3515e-04           0.5326              0.4808        46.3606    
    1850       0.1198      0.0209       0.0025       0.0144     4.3870e-04           0.5593              0.4411        47.1098    
    1950       0.1142      0.0211       0.0024       0.0130     4.4363e-04           0.4686              0.4371        47.1875    
    2050       0.1094      0.0212       0.0023       0.0120     4.5001e-04           0.4006              0.4461        47.0110    
    2150       0.1054      0.0214       0.0023       0.0111     4.5940e-04           0.4707              0.5242        45.6093    
    2250       0.1021      0.0217       0.0022       0.0104     4.7302e-04           0.3733              0.5306        45.5050    
    2350       0.0994      0.0221       0.0022       0.0099     4.8969e-04           0.2406              0.4571        46.8001    
    2450       0.0969      0.0225       0.0022       0.0094     5.0630e-04           0.2296              0.4653        46.6449    
    2550       0.0943      0.0228       0.0022       0.0089     5.2106e-04           0.1204              0.5415        45.3274    
    2650       0.0917      0.0231       0.0021       0.0084     5.3342e-04           0.0017              0.5397        45.3564    
    2750       0.0904      0.0235       0.0021       0.0082     5.5394e-04           0.3640              0.5563        45.0934    
    2850       0.0899      0.0242       0.0022       0.0081     5.8554e-04           0.5416              0.4693        46.5711    
    2950       0.0927      0.0260       0.0024       0.0086     6.7780e-04           0.2089              0.5309        45.4993    
    3050        NaN         NaN          NaN          NaN          NaN                NaN                 NaN            NaN      
============================================================================================================================================


============================================================================================================================================
Table 3: 10mA Measurements
============================================================================================================================================
  Freq(Hz)       V           I          P(V*I)        V^2          I^2       % Error to analytical    Est % spread    Est SNR dB  
--------------------------------------------------------------------------------------------------------------------------------------------
     50        2.1326      0.0101       0.0215       4.5480     1.0149e-04           0.5545              0.2145        53.3696    
    150        0.7100      0.0101       0.0071       0.5041     1.0114e-04           0.6051              0.2703        51.3633    
    250        0.4265      0.0101       0.0043       0.1819     1.0126e-04           0.6639              0.2880        50.8110    
    350        0.3050      0.0101       0.0031       0.0930     1.0141e-04           0.7017              0.2592        51.7285    
    450        0.2376      0.0101       0.0024       0.0565     1.0167e-04           0.7407              0.2530        51.9368    
    550        0.1947      0.0101       0.0020       0.0379     1.0192e-04           0.7665              0.3598        48.8798    
    650        0.1649      0.0101       0.0017       0.0272     1.0205e-04           0.8125              0.3621        48.8226    
    750        0.1434      0.0101       0.0015       0.0206     1.0269e-04           0.8273              0.3759        48.4977    
    850        0.1268      0.0102       0.0013       0.0161     1.0318e-04           0.8348              0.4101        47.7422    
    950        0.1141      0.0102       0.0012       0.0130     1.0410e-04           0.9485              0.4974        46.0657    
    1050       0.1038      0.0103       0.0011       0.0108     1.0526e-04           0.9268              0.5325        45.4740    
    1150       0.0952      0.0103     9.8082e-04     0.0091     1.0620e-04           0.9030              0.5008        46.0071    
    1250       0.0880      0.0104     9.1038e-04     0.0077     1.0714e-04           0.9092              0.5585        45.0591    
    1350       0.0818      0.0104     8.5064e-04     0.0067     1.0804e-04           0.9802              0.6339        43.9594    
    1450       0.0765      0.0104     7.9906e-04     0.0059     1.0903e-04           0.9520              0.5957        44.4997    
    1550       0.0719      0.0105     7.5460e-04     0.0052     1.1003e-04           0.9918              0.6435        43.8292    
    1650       0.0678      0.0105     7.1373e-04     0.0046     1.1093e-04           0.8517              0.7232        42.8143    
    1750       0.0643      0.0106     6.8208e-04     0.0041     1.1241e-04           0.8832              0.6505        43.7343    
    1850       0.0614      0.0107     6.5718e-04     0.0038     1.1457e-04           0.8094              0.7966        41.9754    
    1950       0.0588      0.0108     6.3594e-04     0.0035     1.1682e-04           0.8511              0.7946        41.9971    
    2050       0.0568      0.0110     6.2230e-04     0.0032     1.2021e-04           0.8189              0.8045        41.8887    
    2150       0.0547      0.0111     6.0600e-04     0.0030     1.2292e-04           0.6946              0.8972        40.9422    
    2250       0.0527      0.0112     5.9015e-04     0.0028     1.2535e-04           0.6384              0.8623        41.2866    
    2350       0.0509      0.0113     5.7603e-04     0.0026     1.2787e-04           0.5717              0.9298        40.6316    
    2450       0.0491      0.0114     5.5893e-04     0.0024     1.2944e-04           0.5064              0.9079        40.8390    
    2550       0.0478      0.0115     5.5028e-04     0.0023     1.3256e-04           0.5669              0.8989        40.9256    
    2650       0.0465      0.0117     5.4398e-04     0.0022     1.3662e-04           0.2432              1.0048        39.9577    
    2750       0.0462      0.0120     5.5472e-04     0.0021     1.4445e-04           0.3291              1.0282        39.7579    
    2850       0.0465      0.0126     5.8566e-04     0.0022     1.5835e-04           0.1368              0.9425        40.5138    
    2950       0.0499      0.0140     6.9724e-04     0.0025     1.9539e-04           0.0062              0.8693        41.2161    
    3050        NaN         NaN          NaN          NaN          NaN                NaN                 NaN            NaN      
============================================================================================================================================


============================================================================================================================================
All tables generated successfully!
============================================================================================================================================
